              precision    recall  f1-score   support

           0       1.00      0.90      0.95        20
           1       1.00      1.00      1.00        20
           2       0.83      0.50      0.62        20
           3       1.00      1.00      1.00        20
           4       0.83      1.00      0.91        20
           5       0.85      0.55      0.67        20
           6       0.78      1.00      0.88        21
           7       1.00      1.00      1.00        20
           8       0.62      0.80      0.70        20
           9       0.95      1.00      0.98        20

    accuracy                           0.88       201
   macro avg       0.89      0.88      0.87       201
weighted avg       0.89      0.88      0.87       201
