测试集分类报告
==================================================
测试准确率: 94.53%
测试损失: 0.1338
==================================================

              precision    recall  f1-score   support

     Class 0       1.00      1.00      1.00        20
     Class 1       1.00      1.00      1.00        20
     Class 2       0.72      0.90      0.80        20
     Class 3       1.00      0.95      0.97        20
     Class 4       1.00      0.95      0.97        20
     Class 5       0.95      1.00      0.98        20
     Class 6       1.00      1.00      1.00        21
     Class 7       1.00      1.00      1.00        20
     Class 8       0.87      0.65      0.74        20
     Class 9       0.95      1.00      0.98        20

    accuracy                           0.95       201
   macro avg       0.95      0.95      0.94       201
weighted avg       0.95      0.95      0.94       201
