              precision    recall  f1-score   support

           0       1.00      1.00      1.00        20
           1       1.00      1.00      1.00        20
           2       0.89      0.80      0.84        20
           3       1.00      1.00      1.00        20
           4       1.00      1.00      1.00        20
           5       1.00      0.90      0.95        20
           6       0.79      0.90      0.84        21
           7       1.00      1.00      1.00        20
           8       0.81      0.85      0.83        20
           9       1.00      1.00      1.00        20

    accuracy                           0.95       201
   macro avg       0.95      0.95      0.95       201
weighted avg       0.95      0.95      0.95       201
