              precision    recall  f1-score   support

           0       1.00      1.00      1.00        20
           1       1.00      1.00      1.00        20
           2       0.70      0.95      0.81        20
           3       1.00      1.00      1.00        20
           4       1.00      1.00      1.00        20
           5       1.00      0.90      0.95        20
           6       0.86      0.90      0.88        21
           7       1.00      1.00      1.00        20
           8       0.93      0.65      0.76        20
           9       1.00      1.00      1.00        20

    accuracy                           0.94       201
   macro avg       0.95      0.94      0.94       201
weighted avg       0.95      0.94      0.94       201
