测试集分类报告
==================================================
测试准确率: 98.01%
测试损失: 0.0483
==================================================

              precision    recall  f1-score   support

     Class 0       1.00      1.00      1.00        20
     Class 1       1.00      1.00      1.00        20
     Class 2       1.00      0.95      0.97        20
     Class 3       0.95      0.95      0.95        20
     Class 4       1.00      1.00      1.00        20
     Class 5       1.00      1.00      1.00        20
     Class 6       0.95      1.00      0.98        21
     Class 7       0.95      1.00      0.98        20
     Class 8       1.00      1.00      1.00        20
     Class 9       0.95      0.90      0.92        20

    accuracy                           0.98       201
   macro avg       0.98      0.98      0.98       201
weighted avg       0.98      0.98      0.98       201
