测试集分类报告
==================================================
测试准确率: 100.00%
测试损失: 0.0031
==================================================

              precision    recall  f1-score   support

     Class 0       1.00      1.00      1.00        20
     Class 1       1.00      1.00      1.00        20
     Class 2       1.00      1.00      1.00        20
     Class 3       1.00      1.00      1.00        20
     Class 4       1.00      1.00      1.00        20
     Class 5       1.00      1.00      1.00        20
     Class 6       1.00      1.00      1.00        21
     Class 7       1.00      1.00      1.00        20
     Class 8       1.00      1.00      1.00        20
     Class 9       1.00      1.00      1.00        20

    accuracy                           1.00       201
   macro avg       1.00      1.00      1.00       201
weighted avg       1.00      1.00      1.00       201
