测试集分类报告
==================================================
测试准确率: 92.54%
测试损失: 0.3848
==================================================

              precision    recall  f1-score   support

     Class 0       1.00      1.00      1.00        20
     Class 1       1.00      1.00      1.00        20
     Class 2       0.88      0.70      0.78        20
     Class 3       0.95      0.90      0.92        20
     Class 4       1.00      0.95      0.97        20
     Class 5       0.95      1.00      0.98        20
     Class 6       0.95      0.95      0.95        21
     Class 7       0.91      1.00      0.95        20
     Class 8       0.75      0.90      0.82        20
     Class 9       0.89      0.85      0.87        20

    accuracy                           0.93       201
   macro avg       0.93      0.93      0.92       201
weighted avg       0.93      0.93      0.92       201
